00000011010011100011010100110001
00000111010011100011010100000001
10000011010011100011010100110000
00000011010011100011011111110001
00000011010011100011010100111111
00011111010011100011010100110001
00000000000011100011010100110001
00000011010101100011010100110001
00000011010011100011100101010001
00000011010011100011010101010000
00000011000011100011011100110000
00010010010011100011010100110000
00000011010011100011010100111010
00000011010011100011010101010101
00000011010011100110011100110001
00000011001100110011010100110001
00000011010011100011101100110001
00111111010011100011010100110001
00000011010011101110001100110001
00001111111111100011010100110001
01010101010011100011010100110001
00000011010011011001100110110001
00001111100001100011010100110001
00000011011000100001010100110011
00000011101111000011010100110001
11000111010000000011010100110001
00000011010011100011110100000000
00000011010011110101010100110001
00000011000000111011010100110001
00001111000011100011010100110001
00000011010011100011010011001011
00000011010011111101010100110001