00000000   
00000001   
01111000   
00100000 
00000000   
00000001   
10000000   
00100010 
00000000   
00000001   
10001000   
00100100 
00000000   
00000001   
10010000   
00100101 
00000000   
00000001   
10011000   
00101010 
00000000   
00000001   
10100000   
00000000 
00000000   
00000001   
10101000   
00100000 
00000000   
00000001   
10110000   
00100000 
00000000   
00000001   
10111000   
00100000 
00000000   
00000001   
11000000   
00100000 
00000000   
00000001   
11001000   
00100000 
00000000   
00000001   
11010000   
00100000 