00000000000000000000000000000000
00000000000000000000000011001101
00000000000000000000000001101110
00000000000000000000000001110001
00000000000000000000000011101101
00000000000000000000000001011001
00000000000000000000000001101001
00000000000000000000000001100001
00000000000000000000000011001000
00000000000000000000000011111110
00000000000000000000000001010011
00000000000000000000000010001101
00000000000000000000000001100001
00000000000000000000000001011010
00000000000000000000000000011010
00000000000000000000000000101111
00000000000000000000000000011111
00000000000000000000000011111001
00000000000000000000000011000010
00000000000000000000000011000101
00000000000000000000000000100111
00000000000000000000000000101001
00000000000000000000000010000010
00000000000000000000000011010111
00000000000000000000000001010011
00000000000000000000000011001010
00000000000000000000000010111000
00000000000000000000000000101000
00000000000000000000000011100110
00000000000000000000000000111110
00000000000000000000000010111001
00000000000000000000000000011011