00000000000000000000000011011100
00000000000000000000000001110011
00000000000000000000000010011101
00000000000000000000000001000011
00000000000000000000000011111001
00000000000000000000000011010101
00000000000000000000000001000000
00000000000000000000000000110001
00000000000000000000000010110111
00000000000000000000000001100011
00000000000000000000000010010110
00000000000000000000000000101110
00000000000000000000000011111011
00000000000000000000000001000101
00000000000000000000000001001110
00000000000000000000000001011110
00000000000000000000000010100011
00000000000000000000000011100011
00000000000000000000000001110010
00000000000000000000000011010001
00000000000000000000000000000110
00000000000000000000000011000100
00000000000000000000000010101100
00000000000000000000000000110000
00000000000000000000000011111000
00000000000000000000000000010011
00000000000000000000000011011001
00000000000000000000000010111111
00000000000000000000000001010101
00000000000000000000000011010100
00000000000000000000000000010000
00000000000000000000000011001111